0.0 0.0 0.0 0.0 0.0 0.0 0.0 0.0 0.0
-1.5225869084037828e-05 0.0 0.0 -0.0008998163546400739 0.0 0.0 -0.035269128382076034 0.0 0.0
-0.000119955829203466 0.0 0.0 -0.0035261857895911935 0.0 0.0 -0.06837892237341273 0.0 0.0
-0.00039865448649001686 0.0 0.0 -0.007771175314375916 0.0 0.0 -0.099373904332582 0.0 0.0
-0.0009303920688686902 0.0 0.0 -0.013529100542485076 0.0 0.0 -0.12829859661815585 0.0 0.0
-0.001788957991914738 0.0 0.0 -0.020696525691377796 0.0 0.0 -0.15519752158870617 0.0 0.0
-0.0030429744247106455 0.0 0.0 -0.029172263582481463 0.0 0.0 -0.1801152016028049 0.0 0.0
-0.004756009855703118 0.0 0.0 -0.03885737564119175 0.0 0.0 -0.203096159019024 0.0 0.0
-0.006986692658560065 0.0 0.0 -0.04965517189687265 0.0 0.0 -0.22418491619593547 0.0 0.0
-0.00978882465802758 0.0 0.0 -0.06147121098285637 0.0 0.0 -0.2434259954921112 0.0 0.0
-0.013211494695786934 0.0 0.0 -0.07421330013644342 0.0 0.0 -0.2608639192661231 0.0 0.0
-0.017299192196311538 0.0 0.0 -0.08779149519890261 0.0 0.0 -0.2765432098765432 0.0 0.0
-0.02209192073272396 0.0 0.0 -0.10211810061547102 0.0 0.0 -0.29050838968194337 0.0 0.0
-0.02762531159265287 0.0 0.0 -0.117107669435354 0.0 0.0 -0.3028039810408957 0.0 0.0
-0.03393073734409005 0.0 0.0 -0.13267700331172513 0.0 0.0 -0.31347450631197177 0.0 0.0
-0.04103542540124741 0.0 0.0 -0.1487451525017265 0.0 0.0 -0.322564487853744 0.0 0.0
-0.04896257159041387 0.0 0.0 -0.16523341586646817 0.0 0.0 -0.33011844802478413 0.0 0.0
-0.05773145371581242 0.0 0.0 -0.1820653408710286 0.0 0.0 -0.336180909183664 0.0 0.0
-0.06735754512545714 0.0 0.0 -0.19916672358445464 0.0 0.0 -0.3407963936889557 0.0 0.0
-0.0778526282770101 0.0 0.0 -0.2164656086797612 0.0 0.0 -0.34400942389923095 0.0 0.0
-0.08922490830363841 0.0 0.0 -0.23389228943393178 0.0 0.0 -0.34586452217306207 0.0 0.0
-0.10147912657987106 0.0 0.0 -0.2513793077279178 0.0 0.0 -0.3464062108690208 0.0 0.0
-0.11461667428745617 0.0 0.0 -0.26886145404663925 0.0 0.0 -0.34567901234567894 0.0 0.0
-0.12863570598121774 0.0 0.0 -0.28627576747898426 0.0 0.0 -0.34372744896160873 0.0 0.0
-0.14353125315491275 0.0 0.0 -0.30356153571780925 0.0 0.0 -0.3405960430753818 0.0 0.0
-0.159295337807088 0.0 0.0 -0.32066029505993876 0.0 0.0 -0.33632931704557045 0.0 0.0
-0.17591708600693742 0.0 0.0 -0.3375158304061663 0.0 0.0 -0.3309717932307463 0.0 0.0
-0.19338284146015852 0.0 0.0 -0.3540741752612527 0.0 0.0 -0.3245679939894816 0.0 0.0
-0.21167627907481007 0.0 0.0 -0.37028361173392743 0.0 0.0 -0.3171624416803478 0.0 0.0
-0.2307785185271684 0.0 0.0 -0.38609467053688884 0.0 0.0 -0.3087996586619176 0.0 0.0
-0.2506682378275849 0.0 0.0 -0.4014601309868026 0.0 0.0 -0.2995241672927622 0.0 0.0
-0.27132178688634245 0.0 0.0 -0.4163350210043034 0.0 0.0 -0.2893804899314542 0.0 0.0
-0.29271330107951327 0.0 0.0 -0.4306766171139937 0.0 0.0 -0.2784131489365649 0.0 0.0
-0.3148148148148149 0.0 0.0 -0.44444444444444436 0.0 0.0 -0.26666666666666666 0.0 0.0
-0.3375963750974678 0.0 0.0 -0.45760027672819514 0.0 0.0 -0.25418556548033133 0.0 0.0
-0.36102615509605246 0.0 0.0 -0.47010813630175297 0.0 0.0 -0.24101436773613077 0.0 0.0
-0.3850705677083656 0.0 0.0 -0.4819342941055941 0.0 0.0 -0.22719759579263715 0.0 0.0
-0.40969437912727846 0.0 0.0 -0.4930472696841621 0.0 0.0 -0.21277977200842219 0.0 0.0
-0.43486082240659196 0.0 0.0 -0.5034178311858697 0.0 0.0 -0.1978054187420577 0.0 0.0
-0.4605317110268958 0.0 0.0 -0.5130189953630976 0.0 0.0 -0.1823190583521162 0.0 0.0
-0.4866675524614237 0.0 0.0 -0.5218260275721947 0.0 0.0 -0.16636521319716896 0.0 0.0
-0.5132276617419108 0.0 0.0 -0.5298164417734779 0.0 0.0 -0.14998840563578864 0.0 0.0
-0.5401702750244516 0.0 0.0 -0.5369700005312326 0.0 0.0 -0.13323315802654656 0.0 0.0
-0.5674526631553565 0.0 0.0 -0.5432687150137134 0.0 0.0 -0.1161439927280149 0.0 0.0
-0.5950312452370065 0.0 0.0 -0.5486968449931413 0.0 0.0 -0.0987654320987651 0.0 0.0
-0.6228617021937151 0.0 0.0 -0.5532408988457072 0.0 0.0 -0.08114199849737025 0.0 0.0
-0.6508990903375803 0.0 0.0 -0.5568896335515701 0.0 0.0 -0.0633182142824017 0.0 0.0
-0.6790979549343442 0.0 0.0 -0.5596340546948555 0.0 0.0 -0.0453386018124311 0.0 0.0
-0.7074124437692503 0.0 0.0 -0.5614674164636602 0.0 0.0 -0.027247683446030346 0.0 0.0
-0.735796420712898 0.0 0.0 -0.5623852216500463 0.0 0.0 -0.00908998154177243 0.0 0.0
-0.764203579287102 0.0 0.0 -0.5623852216500459 0.0 0.0 0.009089981541771985 0.0 0.0
-0.7925875562307505 0.0 0.0 -0.5614674164636603 0.0 0.0 0.02724768344603079 0.0 0.0
-0.8209020450656561 0.0 0.0 -0.5596340546948558 0.0 0.0 0.0453386018124311 0.0 0.0
-0.84910090966242 0.0 0.0 -0.5568896335515697 0.0 0.0 0.06331821428240203 0.0 0.0
-0.8771382978062849 0.0 0.0 -0.5532408988457079 0.0 0.0 0.08114199849737025 0.0 0.0
-0.9049687547629934 0.0 0.0 -0.5486968449931412 0.0 0.0 0.09876543209876543 0.0 0.0
-0.9325473368446436 0.0 0.0 -0.5432687150137125 0.0 0.0 0.11614399272801568 0.0 0.0
-0.9598297249755482 0.0 0.0 -0.5369700005312323 0.0 0.0 0.13323315802654667 0.0 0.0
-0.9867723382580896 0.0 0.0 -0.5298164417734781 0.0 0.0 0.14998840563578875 0.0 0.0
-1.0133324475385768 0.0 0.0 -0.5218260275721953 0.0 0.0 0.16636521319716868 0.0 0.0
-1.0394682889731048 0.0 0.0 -0.5130189953630973 0.0 0.0 0.18231905835211681 0.0 0.0
-1.0651391775934078 0.0 0.0 -0.5034178311858701 0.0 0.0 0.19780541874205726 0.0 0.0
-1.0903056208727224 0.0 0.0 -0.4930472696841628 0.0 0.0 0.2127797720084219 0.0 0.0
-1.114929432291634 0.0 0.0 -0.48193429410559374 0.0 0.0 0.22719759579263732 0.0 0.0
-1.138973844903948 0.0 0.0 -0.4701081363017532 0.0 0.0 0.24101436773613094 0.0 0.0
-1.1624036249025327 0.0 0.0 -0.45760027672819525 0.0 0.0 0.2541855654803311 0.0 0.0
-1.1851851851851856 0.0 0.0 -0.444444444444444 0.0 0.0 0.2666666666666666 0.0 0.0
-1.2072866989204867 0.0 0.0 -0.43067661711399463 0.0 0.0 0.27841314893656444 0.0 0.0
-1.2286782131136582 0.0 0.0 -0.4163350210043042 0.0 0.0 0.28938048993145404 0.0 0.0
-1.2493317621724136 0.0 0.0 -0.40146013098680156 0.0 0.0 0.2995241672927622 0.0 0.0
-1.2692214814728324 0.0 0.0 -0.3860946705368895 0.0 0.0 0.3087996586619175 0.0 0.0
-1.2883237209251894 0.0 0.0 -0.3702836117339281 0.0 0.0 0.317162441680348 0.0 0.0
-1.3066171585398414 0.0 0.0 -0.35407417526125373 0.0 0.0 0.32456799398948144 0.0 0.0
-1.324082913993063 0.0 0.0 -0.33751583040616673 0.0 0.0 0.33097179323074677 0.0 0.0
-1.3407046621929135 0.0 0.0 -0.3206602950599393 0.0 0.0 0.33632931704557034 0.0 0.0
-1.3564687468450867 0.0 0.0 -0.3035615357178094 0.0 0.0 0.34059604307538205 0.0 0.0
-1.3713642940187825 0.0 0.0 -0.28627576747898464 0.0 0.0 0.3437274489616091 0.0 0.0
-1.385383325712544 0.0 0.0 -0.2688614540466401 0.0 0.0 0.34567901234567877 0.0 0.0
-1.3985208734201295 0.0 0.0 -0.2513793077279183 0.0 0.0 0.3464062108690209 0.0 0.0
-1.4107750916963635 0.0 0.0 -0.23389228943393414 0.0 0.0 0.34586452217306096 0.0 0.0
-1.4221473717229918 0.0 0.0 -0.21646560867976206 0.0 0.0 0.3440094238992315 0.0 0.0
-1.432642454874543 0.0 0.0 -0.19916672358445542 0.0 0.0 0.34079639368895664 0.0 0.0
-1.4422685462841907 0.0 0.0 -0.18206534087103066 0.0 0.0 0.33618090918366406 0.0 0.0
-1.4510374284095868 0.0 0.0 -0.16523341586646811 0.0 0.0 0.3301184480247841 0.0 0.0
-1.4589645745987525 0.0 0.0 -0.1487451525017267 0.0 0.0 0.3225644878537439 0.0 0.0
-1.4660692626559104 0.0 0.0 -0.13267700331172705 0.0 0.0 0.31347450631197216 0.0 0.0
-1.4723746884073519 0.0 0.0 -0.11710766943535589 0.0 0.0 0.3028039810408947 0.0 0.0
-1.4779080792672792 0.0 0.0 -0.10211810061547233 0.0 0.0 0.2905083896819436 0.0 0.0
-1.4827008078036874 0.0 0.0 -0.0877914951989025 0.0 0.0 0.2765432098765448 0.0 0.0
-1.4867885053042134 0.0 0.0 -0.07421330013644312 0.0 0.0 0.2608639192661242 0.0 0.0
-1.4902111753419742 0.0 0.0 -0.061471210982857016 0.0 0.0 0.24342599549211208 0.0 0.0
-1.4930133073414389 0.0 0.0 -0.04965517189687141 0.0 0.0 0.22418491619593617 0.0 0.0
-1.495243990144301 0.0 0.0 -0.038857375641194736 0.0 0.0 0.20309615901902323 0.0 0.0
-1.4969570255752869 0.0 0.0 -0.029172263582479374 0.0 0.0 0.18011520160280714 0.0 0.0
-1.4982110420080854 0.0 0.0 -0.020696525691377587 0.0 0.0 0.1551975215887058 0.0 0.0
-1.4990696079311316 0.0 0.0 -0.013529100542483796 0.0 0.0 0.1282985966181549 0.0 0.0
-1.499601345513514 0.0 0.0 -0.007771175314378098 0.0 0.0 0.09937390433258297 0.0 0.0
-1.4998800441707978 0.0 0.0 -0.003526185789590741 0.0 0.0 0.06837892237341414 0.0 0.0
-1.4999847741309171 0.0 0.0 -0.000899816354641203 0.0 0.0 0.0352691283820743 0.0 0.0
-1.5000000000000018 0.0 0.0 0.0 0.0 0.0 1.7763568394002505e-15 0.0 0.0
