0.0 0.0 0.0 0.0 0.0 0.0 0.0 0.0 0.0
0.0 0.0 3.0451738168075656e-05 0.0 0.0 0.0017996327092801479 0.0 0.0 0.07053825676415207
0.0 0.0 0.000239911658406932 0.0 0.0 0.007052371579182387 0.0 0.0 0.13675784474682545
0.0 0.0 0.0007973089729800337 0.0 0.0 0.015542350628751832 0.0 0.0 0.198747808665164
0.0 0.0 0.0018607841377373804 0.0 0.0 0.027058201084970153 0.0 0.0 0.2565971932363117
0.0 0.0 0.003577915983829476 0.0 0.0 0.04139305138275559 0.0 0.0 0.31039504317741234
0.0 0.0 0.006085948849421291 0.0 0.0 0.058344527164962925 0.0 0.0 0.3602304032056098
0.0 0.0 0.009512019711406236 0.0 0.0 0.0777147512823835 0.0 0.0 0.406192318038048
0.0 0.0 0.01397338531712013 0.0 0.0 0.0993103437937453 0.0 0.0 0.44836983239187095
0.0 0.0 0.01957764931605516 0.0 0.0 0.12294242196571274 0.0 0.0 0.4868519909842224
0.0 0.0 0.026422989391573868 0.0 0.0 0.14842660027288684 0.0 0.0 0.5217278385322462
0.0 0.0 0.034598384392623076 0.0 0.0 0.17558299039780523 0.0 0.0 0.5530864197530864
0.0 0.0 0.04418384146544792 0.0 0.0 0.20423620123094205 0.0 0.0 0.5810167793638867
0.0 0.0 0.05525062318530574 0.0 0.0 0.234215338870708 0.0 0.0 0.6056079620817914
0.0 0.0 0.0678614746881801 0.0 0.0 0.26535400662345027 0.0 0.0 0.6269490126239435
0.0 0.0 0.08207085080249482 0.0 0.0 0.297490305003453 0.0 0.0 0.645128975707488
0.0 0.0 0.09792514318082773 0.0 0.0 0.33046683173293634 0.0 0.0 0.6602368960495683
0.0 0.0 0.11546290743162484 0.0 0.0 0.3641306817420572 0.0 0.0 0.672361818367328
0.0 0.0 0.13471509025091427 0.0 0.0 0.3983334471689093 0.0 0.0 0.6815927873779114
0.0 0.0 0.1557052565540202 0.0 0.0 0.4329312173595224 0.0 0.0 0.6880188477984619
0.0 0.0 0.17844981660727682 0.0 0.0 0.46778457886786357 0.0 0.0 0.6917290443461241
0.0 0.0 0.2029582531597421 0.0 0.0 0.5027586154558356 0.0 0.0 0.6928124217380416
0.0 0.0 0.22923334857491234 0.0 0.0 0.5377229080932785 0.0 0.0 0.6913580246913579
0.0 0.0 0.25727141196243547 0.0 0.0 0.5725515349579685 0.0 0.0 0.6874548979232175
0.0 0.0 0.2870625063098255 0.0 0.0 0.6071230714356185 0.0 0.0 0.6811920861507637
0.0 0.0 0.318590675614176 0.0 0.0 0.6413205901198775 0.0 0.0 0.6726586340911409
0.0 0.0 0.35183417201387485 0.0 0.0 0.6750316608123326 0.0 0.0 0.6619435864614927
0.0 0.0 0.38676568292031704 0.0 0.0 0.7081483505225054 0.0 0.0 0.6491359879789632
0.0 0.0 0.42335255814962014 0.0 0.0 0.7405672234678549 0.0 0.0 0.6343248833606956
0.0 0.0 0.4615570370543368 0.0 0.0 0.7721893410737777 0.0 0.0 0.6175993173238352
0.0 0.0 0.5013364756551698 0.0 0.0 0.8029202619736052 0.0 0.0 0.5990483345855244
0.0 0.0 0.5426435737726849 0.0 0.0 0.8326700420086068 0.0 0.0 0.5787609798629084
0.0 0.0 0.5854266021590265 0.0 0.0 0.8613532342279874 0.0 0.0 0.5568262978731298
0.0 0.0 0.6296296296296298 0.0 0.0 0.8888888888888887 0.0 0.0 0.5333333333333333
0.0 0.0 0.6751927501949356 0.0 0.0 0.9152005534563903 0.0 0.0 0.5083711309606627
0.0 0.0 0.7220523101921049 0.0 0.0 0.9402162726035059 0.0 0.0 0.48202873547226155
0.0 0.0 0.7701411354167312 0.0 0.0 0.9638685882111881 0.0 0.0 0.4543951915852743
0.0 0.0 0.8193887582545569 0.0 0.0 0.9860945393683243 0.0 0.0 0.42555954401684437
0.0 0.0 0.8697216448131839 0.0 0.0 1.0068356623717394 0.0 0.0 0.3956108374841154
0.0 0.0 0.9210634220537915 0.0 0.0 1.0260379907261952 0.0 0.0 0.3646381167042324
0.0 0.0 0.9733351049228474 0.0 0.0 1.0436520551443893 0.0 0.0 0.3327304263943379
0.0 0.0 1.0264553234838216 0.0 0.0 1.0596328835469557 0.0 0.0 0.29997681127157727
0.0 0.0 1.0803405500489032 0.0 0.0 1.0739400010624651 0.0 0.0 0.2664663160530931
0.0 0.0 1.134905326310713 0.0 0.0 1.0865374300274269 0.0 0.0 0.2322879854560298
0.0 0.0 1.190062490474013 0.0 0.0 1.0973936899862826 0.0 0.0 0.1975308641975302
0.0 0.0 1.2457234043874301 0.0 0.0 1.1064817976914143 0.0 0.0 0.1622839969947405
0.0 0.0 1.3017981806751606 0.0 0.0 1.1137792671031401 0.0 0.0 0.1266364285648034
0.0 0.0 1.3581959098686884 0.0 0.0 1.119268109389711 0.0 0.0 0.0906772036248622
0.0 0.0 1.4148248875385006 0.0 0.0 1.1229348329273203 0.0 0.0 0.05449536689206069
0.0 0.0 1.471592841425796 0.0 0.0 1.1247704433000927 0.0 0.0 0.01817996308354486
0.0 0.0 1.528407158574204 0.0 0.0 1.1247704433000918 0.0 0.0 -0.01817996308354397
0.0 0.0 1.585175112461501 0.0 0.0 1.1229348329273205 0.0 0.0 -0.05449536689206158
0.0 0.0 1.6418040901313122 0.0 0.0 1.1192681093897117 0.0 0.0 -0.0906772036248622
0.0 0.0 1.69820181932484 0.0 0.0 1.1137792671031395 0.0 0.0 -0.12663642856480406
0.0 0.0 1.7542765956125699 0.0 0.0 1.1064817976914159 0.0 0.0 -0.1622839969947405
0.0 0.0 1.8099375095259869 0.0 0.0 1.0973936899862824 0.0 0.0 -0.19753086419753085
0.0 0.0 1.8650946736892873 0.0 0.0 1.086537430027425 0.0 0.0 -0.23228798545603135
0.0 0.0 1.9196594499510964 0.0 0.0 1.0739400010624647 0.0 0.0 -0.26646631605309334
0.0 0.0 1.9735446765161793 0.0 0.0 1.0596328835469562 0.0 0.0 -0.2999768112715775
0.0 0.0 2.0266648950771535 0.0 0.0 1.0436520551443906 0.0 0.0 -0.33273042639433736
0.0 0.0 2.0789365779462097 0.0 0.0 1.0260379907261945 0.0 0.0 -0.36463811670423363
0.0 0.0 2.1302783551868156 0.0 0.0 1.0068356623717403 0.0 0.0 -0.3956108374841145
0.0 0.0 2.180611241745445 0.0 0.0 0.9860945393683256 0.0 0.0 -0.4255595440168438
0.0 0.0 2.229858864583268 0.0 0.0 0.9638685882111875 0.0 0.0 -0.45439519158527464
0.0 0.0 2.277947689807896 0.0 0.0 0.9402162726035064 0.0 0.0 -0.4820287354722619
0.0 0.0 2.3248072498050654 0.0 0.0 0.9152005534563905 0.0 0.0 -0.5083711309606622
0.0 0.0 2.370370370370371 0.0 0.0 0.888888888888888 0.0 0.0 -0.5333333333333332
0.0 0.0 2.4145733978409734 0.0 0.0 0.8613532342279893 0.0 0.0 -0.5568262978731289
0.0 0.0 2.4573564262273164 0.0 0.0 0.8326700420086084 0.0 0.0 -0.5787609798629081
0.0 0.0 2.498663524344827 0.0 0.0 0.8029202619736031 0.0 0.0 -0.5990483345855244
0.0 0.0 2.538442962945665 0.0 0.0 0.772189341073779 0.0 0.0 -0.617599317323835
0.0 0.0 2.576647441850379 0.0 0.0 0.7405672234678562 0.0 0.0 -0.634324883360696
0.0 0.0 2.613234317079683 0.0 0.0 0.7081483505225075 0.0 0.0 -0.6491359879789629
0.0 0.0 2.648165827986126 0.0 0.0 0.6750316608123335 0.0 0.0 -0.6619435864614935
0.0 0.0 2.681409324385827 0.0 0.0 0.6413205901198786 0.0 0.0 -0.6726586340911407
0.0 0.0 2.7129374936901733 0.0 0.0 0.6071230714356188 0.0 0.0 -0.6811920861507641
0.0 0.0 2.742728588037565 0.0 0.0 0.5725515349579693 0.0 0.0 -0.6874548979232182
0.0 0.0 2.770766651425088 0.0 0.0 0.5377229080932802 0.0 0.0 -0.6913580246913575
0.0 0.0 2.797041746840259 0.0 0.0 0.5027586154558366 0.0 0.0 -0.6928124217380418
0.0 0.0 2.821550183392727 0.0 0.0 0.4677845788678683 0.0 0.0 -0.6917290443461219
0.0 0.0 2.8442947434459835 0.0 0.0 0.4329312173595241 0.0 0.0 -0.688018847798463
0.0 0.0 2.865284909749086 0.0 0.0 0.39833344716891084 0.0 0.0 -0.6815927873779133
0.0 0.0 2.8845370925683813 0.0 0.0 0.3641306817420613 0.0 0.0 -0.6723618183673281
0.0 0.0 2.9020748568191737 0.0 0.0 0.33046683173293623 0.0 0.0 -0.6602368960495681
0.0 0.0 2.917929149197505 0.0 0.0 0.2974903050034534 0.0 0.0 -0.6451289757074878
0.0 0.0 2.932138525311821 0.0 0.0 0.2653540066234541 0.0 0.0 -0.6269490126239443
0.0 0.0 2.9447493768147037 0.0 0.0 0.23421533887071178 0.0 0.0 -0.6056079620817894
0.0 0.0 2.9558161585345584 0.0 0.0 0.20423620123094466 0.0 0.0 -0.5810167793638872
0.0 0.0 2.965401615607375 0.0 0.0 0.175582990397805 0.0 0.0 -0.5530864197530896
0.0 0.0 2.9735770106084267 0.0 0.0 0.14842660027288623 0.0 0.0 -0.5217278385322484
0.0 0.0 2.9804223506839485 0.0 0.0 0.12294242196571403 0.0 0.0 -0.48685199098422416
0.0 0.0 2.9860266146828778 0.0 0.0 0.09931034379374282 0.0 0.0 -0.44836983239187234
0.0 0.0 2.990487980288602 0.0 0.0 0.07771475128238947 0.0 0.0 -0.40619231803804645
0.0 0.0 2.9939140511505737 0.0 0.0 0.05834452716495875 0.0 0.0 -0.3602304032056143
0.0 0.0 2.996422084016171 0.0 0.0 0.041393051382755175 0.0 0.0 -0.3103950431774116
0.0 0.0 2.9981392158622633 0.0 0.0 0.027058201084967592 0.0 0.0 -0.2565971932363098
0.0 0.0 2.999202691027028 0.0 0.0 0.015542350628756196 0.0 0.0 -0.19874780866516595
0.0 0.0 2.9997600883415956 0.0 0.0 0.007052371579181482 0.0 0.0 -0.13675784474682828
0.0 0.0 2.9999695482618343 0.0 0.0 0.001799632709282406 0.0 0.0 -0.0705382567641486
0.0 0.0 3.0000000000000036 0.0 0.0 0.0 0.0 0.0 -3.552713678800501e-15
