0.0 0.0 0.0 0.0 0.0 0.0 0.0 0.0 0.0
0.0 0.0 3.0451738168075656e-05 0.0 0.0 0.00044990817732003697 0.0 0.0 0.004408641047759504
0.0 0.0 0.000239911658406932 0.0 0.0 0.0017630928947955967 0.0 0.0 0.00854736529667659
0.0 0.0 0.0007973089729800337 0.0 0.0 0.003885587657187958 0.0 0.0 0.01242173804157275
0.0 0.0 0.0018607841377373804 0.0 0.0 0.006764550271242538 0.0 0.0 0.01603732457726948
0.0 0.0 0.003577915983829476 0.0 0.0 0.010348262845688898 0.0 0.0 0.01939969019858827
0.0 0.0 0.006085948849421291 0.0 0.0 0.014586131791240731 0.0 0.0 0.02251440020035061
0.0 0.0 0.009512019711406236 0.0 0.0 0.019428687820595876 0.0 0.0 0.025387019877378
0.0 0.0 0.01397338531712013 0.0 0.0 0.024827585948436325 0.0 0.0 0.028023114524491934
0.0 0.0 0.01957764931605516 0.0 0.0 0.030735605491428186 0.0 0.0 0.0304282494365139
0.0 0.0 0.026422989391573868 0.0 0.0 0.03710665006822171 0.0 0.0 0.03260798990826539
0.0 0.0 0.034598384392623076 0.0 0.0 0.04389574759945131 0.0 0.0 0.0345679012345679
0.0 0.0 0.04418384146544792 0.0 0.0 0.05105905030773551 0.0 0.0 0.03631354871024292
0.0 0.0 0.05525062318530574 0.0 0.0 0.058553834717677 0.0 0.0 0.03785049763011196
0.0 0.0 0.0678614746881801 0.0 0.0 0.06633850165586257 0.0 0.0 0.03918431328899647
0.0 0.0 0.08207085080249482 0.0 0.0 0.07437257625086326 0.0 0.0 0.040320560981718
0.0 0.0 0.09792514318082773 0.0 0.0 0.08261670793323408 0.0 0.0 0.041264806003098016
0.0 0.0 0.11546290743162484 0.0 0.0 0.0910326704355143 0.0 0.0 0.042022613647958
0.0 0.0 0.13471509025091427 0.0 0.0 0.09958336179222732 0.0 0.0 0.04259954921111946
0.0 0.0 0.1557052565540202 0.0 0.0 0.1082328043398806 0.0 0.0 0.04300117798740387
0.0 0.0 0.17844981660727682 0.0 0.0 0.11694614471696589 0.0 0.0 0.04323306527163276
0.0 0.0 0.2029582531597421 0.0 0.0 0.1256896538639589 0.0 0.0 0.0433007763586276
0.0 0.0 0.22923334857491234 0.0 0.0 0.13443072702331962 0.0 0.0 0.04320987654320987
0.0 0.0 0.25727141196243547 0.0 0.0 0.14313788373949213 0.0 0.0 0.04296593112020109
0.0 0.0 0.2870625063098255 0.0 0.0 0.15178076785890462 0.0 0.0 0.04257450538442273
0.0 0.0 0.318590675614176 0.0 0.0 0.16033014752996938 0.0 0.0 0.04204116463069631
0.0 0.0 0.35183417201387485 0.0 0.0 0.16875791520308314 0.0 0.0 0.04137147415384329
0.0 0.0 0.38676568292031704 0.0 0.0 0.17703708763062634 0.0 0.0 0.0405709992486852
0.0 0.0 0.42335255814962014 0.0 0.0 0.18514180586696372 0.0 0.0 0.039645305210043474
0.0 0.0 0.4615570370543368 0.0 0.0 0.19304733526844442 0.0 0.0 0.0385999573327397
0.0 0.0 0.5013364756551698 0.0 0.0 0.2007300654934013 0.0 0.0 0.037440520911595276
0.0 0.0 0.5426435737726849 0.0 0.0 0.2081675105021517 0.0 0.0 0.036172561241431776
0.0 0.0 0.5854266021590265 0.0 0.0 0.21533830855699684 0.0 0.0 0.03480164361707061
0.0 0.0 0.6296296296296298 0.0 0.0 0.22222222222222218 0.0 0.0 0.03333333333333333
0.0 0.0 0.6751927501949356 0.0 0.0 0.22880013836409757 0.0 0.0 0.03177319568504142
0.0 0.0 0.7220523101921049 0.0 0.0 0.23505406815087648 0.0 0.0 0.030126795967016347
0.0 0.0 0.7701411354167312 0.0 0.0 0.24096714705279704 0.0 0.0 0.028399699474079644
0.0 0.0 0.8193887582545569 0.0 0.0 0.24652363484208106 0.0 0.0 0.026597471501052773
0.0 0.0 0.8697216448131839 0.0 0.0 0.25170891559293485 0.0 0.0 0.024725677342757213
0.0 0.0 0.9210634220537915 0.0 0.0 0.2565094976815488 0.0 0.0 0.022789882294014525
0.0 0.0 0.9733351049228474 0.0 0.0 0.2609130137860973 0.0 0.0 0.02079565164964612
0.0 0.0 1.0264553234838216 0.0 0.0 0.26490822088673893 0.0 0.0 0.01874855070447358
0.0 0.0 1.0803405500489032 0.0 0.0 0.2684850002656163 0.0 0.0 0.01665414475331832
0.0 0.0 1.134905326310713 0.0 0.0 0.2716343575068567 0.0 0.0 0.014517999091001862
0.0 0.0 1.190062490474013 0.0 0.0 0.27434842249657065 0.0 0.0 0.012345679012345637
0.0 0.0 1.2457234043874301 0.0 0.0 0.2766204494228536 0.0 0.0 0.010142749812171281
0.0 0.0 1.3017981806751606 0.0 0.0 0.27844481677578503 0.0 0.0 0.007914776785300212
0.0 0.0 1.3581959098686884 0.0 0.0 0.27981702734742775 0.0 0.0 0.005667325226553888
0.0 0.0 1.4148248875385006 0.0 0.0 0.2807337082318301 0.0 0.0 0.0034059604307537933
0.0 0.0 1.471592841425796 0.0 0.0 0.28119261082502317 0.0 0.0 0.0011362476927215537
0.0 0.0 1.528407158574204 0.0 0.0 0.28119261082502295 0.0 0.0 -0.0011362476927214982
0.0 0.0 1.585175112461501 0.0 0.0 0.28073370823183014 0.0 0.0 -0.003405960430753849
0.0 0.0 1.6418040901313122 0.0 0.0 0.2798170273474279 0.0 0.0 -0.005667325226553888
0.0 0.0 1.69820181932484 0.0 0.0 0.27844481677578486 0.0 0.0 -0.007914776785300254
0.0 0.0 1.7542765956125699 0.0 0.0 0.27662044942285396 0.0 0.0 -0.010142749812171281
0.0 0.0 1.8099375095259869 0.0 0.0 0.2743484224965706 0.0 0.0 -0.012345679012345678
0.0 0.0 1.8650946736892873 0.0 0.0 0.27163435750685627 0.0 0.0 -0.01451799909100196
0.0 0.0 1.9196594499510964 0.0 0.0 0.26848500026561617 0.0 0.0 -0.016654144753318334
0.0 0.0 1.9735446765161793 0.0 0.0 0.26490822088673904 0.0 0.0 -0.018748550704473593
0.0 0.0 2.0266648950771535 0.0 0.0 0.26091301378609766 0.0 0.0 -0.020795651649646085
0.0 0.0 2.0789365779462097 0.0 0.0 0.2565094976815486 0.0 0.0 -0.022789882294014602
0.0 0.0 2.1302783551868156 0.0 0.0 0.25170891559293507 0.0 0.0 -0.024725677342757157
0.0 0.0 2.180611241745445 0.0 0.0 0.2465236348420814 0.0 0.0 -0.02659747150105274
0.0 0.0 2.229858864583268 0.0 0.0 0.24096714705279687 0.0 0.0 -0.028399699474079665
0.0 0.0 2.277947689807896 0.0 0.0 0.2350540681508766 0.0 0.0 -0.030126795967016368
0.0 0.0 2.3248072498050654 0.0 0.0 0.22880013836409763 0.0 0.0 -0.03177319568504139
0.0 0.0 2.370370370370371 0.0 0.0 0.222222222222222 0.0 0.0 -0.033333333333333326
0.0 0.0 2.4145733978409734 0.0 0.0 0.21533830855699732 0.0 0.0 -0.034801643617070555
0.0 0.0 2.4573564262273164 0.0 0.0 0.2081675105021521 0.0 0.0 -0.036172561241431755
0.0 0.0 2.498663524344827 0.0 0.0 0.20073006549340078 0.0 0.0 -0.037440520911595276
0.0 0.0 2.538442962945665 0.0 0.0 0.19304733526844475 0.0 0.0 -0.03859995733273969
0.0 0.0 2.576647441850379 0.0 0.0 0.18514180586696405 0.0 0.0 -0.0396453052100435
0.0 0.0 2.613234317079683 0.0 0.0 0.17703708763062687 0.0 0.0 -0.04057099924868518
0.0 0.0 2.648165827986126 0.0 0.0 0.16875791520308336 0.0 0.0 -0.041371474153843346
0.0 0.0 2.681409324385827 0.0 0.0 0.16033014752996966 0.0 0.0 -0.04204116463069629
0.0 0.0 2.7129374936901733 0.0 0.0 0.1517807678589047 0.0 0.0 -0.042574505384422756
0.0 0.0 2.742728588037565 0.0 0.0 0.14313788373949232 0.0 0.0 -0.04296593112020114
0.0 0.0 2.770766651425088 0.0 0.0 0.13443072702332004 0.0 0.0 -0.043209876543209846
0.0 0.0 2.797041746840259 0.0 0.0 0.12568965386395914 0.0 0.0 -0.04330077635862761
0.0 0.0 2.821550183392727 0.0 0.0 0.11694614471696707 0.0 0.0 -0.04323306527163262
0.0 0.0 2.8442947434459835 0.0 0.0 0.10823280433988103 0.0 0.0 -0.04300117798740394
0.0 0.0 2.865284909749086 0.0 0.0 0.09958336179222771 0.0 0.0 -0.04259954921111958
0.0 0.0 2.8845370925683813 0.0 0.0 0.09103267043551533 0.0 0.0 -0.04202261364795801
0.0 0.0 2.9020748568191737 0.0 0.0 0.08261670793323406 0.0 0.0 -0.04126480600309801
0.0 0.0 2.917929149197505 0.0 0.0 0.07437257625086335 0.0 0.0 -0.04032056098171799
0.0 0.0 2.932138525311821 0.0 0.0 0.06633850165586352 0.0 0.0 -0.03918431328899652
0.0 0.0 2.9447493768147037 0.0 0.0 0.058553834717677944 0.0 0.0 -0.037850497630111835
0.0 0.0 2.9558161585345584 0.0 0.0 0.051059050307736165 0.0 0.0 -0.03631354871024295
0.0 0.0 2.965401615607375 0.0 0.0 0.04389574759945125 0.0 0.0 -0.0345679012345681
0.0 0.0 2.9735770106084267 0.0 0.0 0.03710665006822156 0.0 0.0 -0.03260798990826552
0.0 0.0 2.9804223506839485 0.0 0.0 0.030735605491428508 0.0 0.0 -0.03042824943651401
0.0 0.0 2.9860266146828778 0.0 0.0 0.024827585948435704 0.0 0.0 -0.02802311452449202
0.0 0.0 2.990487980288602 0.0 0.0 0.019428687820597368 0.0 0.0 -0.025387019877377903
0.0 0.0 2.9939140511505737 0.0 0.0 0.014586131791239687 0.0 0.0 -0.022514400200350893
0.0 0.0 2.996422084016171 0.0 0.0 0.010348262845688794 0.0 0.0 -0.019399690198588226
0.0 0.0 2.9981392158622633 0.0 0.0 0.006764550271241898 0.0 0.0 -0.016037324577269363
0.0 0.0 2.999202691027028 0.0 0.0 0.003885587657189049 0.0 0.0 -0.012421738041572872
0.0 0.0 2.9997600883415956 0.0 0.0 0.0017630928947953706 0.0 0.0 -0.008547365296676768
0.0 0.0 2.9999695482618343 0.0 0.0 0.0004499081773206015 0.0 0.0 -0.0044086410477592874
0.0 0.0 3.0000000000000036 0.0 0.0 0.0 0.0 0.0 -2.220446049250313e-16
