0.0 0.0 0.0 0.0 0.0 0.0 0.0 0.0 0.0
0.0 0.0 3.0451738168075656e-05 0.0 0.0 0.0008998163546400739 0.0 0.0 0.017634564191038017
0.0 0.0 0.000239911658406932 0.0 0.0 0.0035261857895911935 0.0 0.0 0.03418946118670636
0.0 0.0 0.0007973089729800337 0.0 0.0 0.007771175314375916 0.0 0.0 0.049686952166291
0.0 0.0 0.0018607841377373804 0.0 0.0 0.013529100542485076 0.0 0.0 0.06414929830907792
0.0 0.0 0.003577915983829476 0.0 0.0 0.020696525691377796 0.0 0.0 0.07759876079435309
0.0 0.0 0.006085948849421291 0.0 0.0 0.029172263582481463 0.0 0.0 0.09005760080140245
0.0 0.0 0.009512019711406236 0.0 0.0 0.03885737564119175 0.0 0.0 0.101548079509512
0.0 0.0 0.01397338531712013 0.0 0.0 0.04965517189687265 0.0 0.0 0.11209245809796774
0.0 0.0 0.01957764931605516 0.0 0.0 0.06147121098285637 0.0 0.0 0.1217129977460556
0.0 0.0 0.026422989391573868 0.0 0.0 0.07421330013644342 0.0 0.0 0.13043195963306156
0.0 0.0 0.034598384392623076 0.0 0.0 0.08779149519890261 0.0 0.0 0.1382716049382716
0.0 0.0 0.04418384146544792 0.0 0.0 0.10211810061547102 0.0 0.0 0.14525419484097168
0.0 0.0 0.05525062318530574 0.0 0.0 0.117107669435354 0.0 0.0 0.15140199052044784
0.0 0.0 0.0678614746881801 0.0 0.0 0.13267700331172513 0.0 0.0 0.15673725315598588
0.0 0.0 0.08207085080249482 0.0 0.0 0.1487451525017265 0.0 0.0 0.161282243926872
0.0 0.0 0.09792514318082773 0.0 0.0 0.16523341586646817 0.0 0.0 0.16505922401239206
0.0 0.0 0.11546290743162484 0.0 0.0 0.1820653408710286 0.0 0.0 0.168090454591832
0.0 0.0 0.13471509025091427 0.0 0.0 0.19916672358445464 0.0 0.0 0.17039819684447785
0.0 0.0 0.1557052565540202 0.0 0.0 0.2164656086797612 0.0 0.0 0.17200471194961547
0.0 0.0 0.17844981660727682 0.0 0.0 0.23389228943393178 0.0 0.0 0.17293226108653104
0.0 0.0 0.2029582531597421 0.0 0.0 0.2513793077279178 0.0 0.0 0.1732031054345104
0.0 0.0 0.22923334857491234 0.0 0.0 0.26886145404663925 0.0 0.0 0.17283950617283947
0.0 0.0 0.25727141196243547 0.0 0.0 0.28627576747898426 0.0 0.0 0.17186372448080436
0.0 0.0 0.2870625063098255 0.0 0.0 0.30356153571780925 0.0 0.0 0.1702980215376909
0.0 0.0 0.318590675614176 0.0 0.0 0.32066029505993876 0.0 0.0 0.16816465852278523
0.0 0.0 0.35183417201387485 0.0 0.0 0.3375158304061663 0.0 0.0 0.16548589661537316
0.0 0.0 0.38676568292031704 0.0 0.0 0.3540741752612527 0.0 0.0 0.1622839969947408
0.0 0.0 0.42335255814962014 0.0 0.0 0.37028361173392743 0.0 0.0 0.1585812208401739
0.0 0.0 0.4615570370543368 0.0 0.0 0.38609467053688884 0.0 0.0 0.1543998293309588
0.0 0.0 0.5013364756551698 0.0 0.0 0.4014601309868026 0.0 0.0 0.1497620836463811
0.0 0.0 0.5426435737726849 0.0 0.0 0.4163350210043034 0.0 0.0 0.1446902449657271
0.0 0.0 0.5854266021590265 0.0 0.0 0.4306766171139937 0.0 0.0 0.13920657446828244
0.0 0.0 0.6296296296296298 0.0 0.0 0.44444444444444436 0.0 0.0 0.13333333333333333
0.0 0.0 0.6751927501949356 0.0 0.0 0.45760027672819514 0.0 0.0 0.12709278274016567
0.0 0.0 0.7220523101921049 0.0 0.0 0.47010813630175297 0.0 0.0 0.12050718386806539
0.0 0.0 0.7701411354167312 0.0 0.0 0.4819342941055941 0.0 0.0 0.11359879789631858
0.0 0.0 0.8193887582545569 0.0 0.0 0.4930472696841621 0.0 0.0 0.10638988600421109
0.0 0.0 0.8697216448131839 0.0 0.0 0.5034178311858697 0.0 0.0 0.09890270937102885
0.0 0.0 0.9210634220537915 0.0 0.0 0.5130189953630976 0.0 0.0 0.0911595291760581
0.0 0.0 0.9733351049228474 0.0 0.0 0.5218260275721947 0.0 0.0 0.08318260659858448
0.0 0.0 1.0264553234838216 0.0 0.0 0.5298164417734779 0.0 0.0 0.07499420281789432
0.0 0.0 1.0803405500489032 0.0 0.0 0.5369700005312326 0.0 0.0 0.06661657901327328
0.0 0.0 1.134905326310713 0.0 0.0 0.5432687150137134 0.0 0.0 0.05807199636400745
0.0 0.0 1.190062490474013 0.0 0.0 0.5486968449931413 0.0 0.0 0.04938271604938255
0.0 0.0 1.2457234043874301 0.0 0.0 0.5532408988457072 0.0 0.0 0.040570999248685125
0.0 0.0 1.3017981806751606 0.0 0.0 0.5568896335515701 0.0 0.0 0.03165910714120085
0.0 0.0 1.3581959098686884 0.0 0.0 0.5596340546948555 0.0 0.0 0.02266930090621555
0.0 0.0 1.4148248875385006 0.0 0.0 0.5614674164636602 0.0 0.0 0.013623841723015173
0.0 0.0 1.471592841425796 0.0 0.0 0.5623852216500463 0.0 0.0 0.004544990770886215
0.0 0.0 1.528407158574204 0.0 0.0 0.5623852216500459 0.0 0.0 -0.004544990770885993
0.0 0.0 1.585175112461501 0.0 0.0 0.5614674164636603 0.0 0.0 -0.013623841723015395
0.0 0.0 1.6418040901313122 0.0 0.0 0.5596340546948558 0.0 0.0 -0.02266930090621555
0.0 0.0 1.69820181932484 0.0 0.0 0.5568896335515697 0.0 0.0 -0.031659107141201015
0.0 0.0 1.7542765956125699 0.0 0.0 0.5532408988457079 0.0 0.0 -0.040570999248685125
0.0 0.0 1.8099375095259869 0.0 0.0 0.5486968449931412 0.0 0.0 -0.04938271604938271
0.0 0.0 1.8650946736892873 0.0 0.0 0.5432687150137125 0.0 0.0 -0.05807199636400784
0.0 0.0 1.9196594499510964 0.0 0.0 0.5369700005312323 0.0 0.0 -0.06661657901327334
0.0 0.0 1.9735446765161793 0.0 0.0 0.5298164417734781 0.0 0.0 -0.07499420281789437
0.0 0.0 2.0266648950771535 0.0 0.0 0.5218260275721953 0.0 0.0 -0.08318260659858434
0.0 0.0 2.0789365779462097 0.0 0.0 0.5130189953630973 0.0 0.0 -0.09115952917605841
0.0 0.0 2.1302783551868156 0.0 0.0 0.5034178311858701 0.0 0.0 -0.09890270937102863
0.0 0.0 2.180611241745445 0.0 0.0 0.4930472696841628 0.0 0.0 -0.10638988600421095
0.0 0.0 2.229858864583268 0.0 0.0 0.48193429410559374 0.0 0.0 -0.11359879789631866
0.0 0.0 2.277947689807896 0.0 0.0 0.4701081363017532 0.0 0.0 -0.12050718386806547
0.0 0.0 2.3248072498050654 0.0 0.0 0.45760027672819525 0.0 0.0 -0.12709278274016556
0.0 0.0 2.370370370370371 0.0 0.0 0.444444444444444 0.0 0.0 -0.1333333333333333
0.0 0.0 2.4145733978409734 0.0 0.0 0.43067661711399463 0.0 0.0 -0.13920657446828222
0.0 0.0 2.4573564262273164 0.0 0.0 0.4163350210043042 0.0 0.0 -0.14469024496572702
0.0 0.0 2.498663524344827 0.0 0.0 0.40146013098680156 0.0 0.0 -0.1497620836463811
0.0 0.0 2.538442962945665 0.0 0.0 0.3860946705368895 0.0 0.0 -0.15439982933095875
0.0 0.0 2.576647441850379 0.0 0.0 0.3702836117339281 0.0 0.0 -0.158581220840174
0.0 0.0 2.613234317079683 0.0 0.0 0.35407417526125373 0.0 0.0 -0.16228399699474072
0.0 0.0 2.648165827986126 0.0 0.0 0.33751583040616673 0.0 0.0 -0.16548589661537338
0.0 0.0 2.681409324385827 0.0 0.0 0.3206602950599393 0.0 0.0 -0.16816465852278517
0.0 0.0 2.7129374936901733 0.0 0.0 0.3035615357178094 0.0 0.0 -0.17029802153769102
0.0 0.0 2.742728588037565 0.0 0.0 0.28627576747898464 0.0 0.0 -0.17186372448080456
0.0 0.0 2.770766651425088 0.0 0.0 0.2688614540466401 0.0 0.0 -0.17283950617283939
0.0 0.0 2.797041746840259 0.0 0.0 0.2513793077279183 0.0 0.0 -0.17320310543451045
0.0 0.0 2.821550183392727 0.0 0.0 0.23389228943393414 0.0 0.0 -0.17293226108653048
0.0 0.0 2.8442947434459835 0.0 0.0 0.21646560867976206 0.0 0.0 -0.17200471194961575
0.0 0.0 2.865284909749086 0.0 0.0 0.19916672358445542 0.0 0.0 -0.17039819684447832
0.0 0.0 2.8845370925683813 0.0 0.0 0.18206534087103066 0.0 0.0 -0.16809045459183203
0.0 0.0 2.9020748568191737 0.0 0.0 0.16523341586646811 0.0 0.0 -0.16505922401239204
0.0 0.0 2.917929149197505 0.0 0.0 0.1487451525017267 0.0 0.0 -0.16128224392687196
0.0 0.0 2.932138525311821 0.0 0.0 0.13267700331172705 0.0 0.0 -0.15673725315598608
0.0 0.0 2.9447493768147037 0.0 0.0 0.11710766943535589 0.0 0.0 -0.15140199052044734
0.0 0.0 2.9558161585345584 0.0 0.0 0.10211810061547233 0.0 0.0 -0.1452541948409718
0.0 0.0 2.965401615607375 0.0 0.0 0.0877914951989025 0.0 0.0 -0.1382716049382724
0.0 0.0 2.9735770106084267 0.0 0.0 0.07421330013644312 0.0 0.0 -0.1304319596330621
0.0 0.0 2.9804223506839485 0.0 0.0 0.061471210982857016 0.0 0.0 -0.12171299774605604
0.0 0.0 2.9860266146828778 0.0 0.0 0.04965517189687141 0.0 0.0 -0.11209245809796808
0.0 0.0 2.990487980288602 0.0 0.0 0.038857375641194736 0.0 0.0 -0.10154807950951161
0.0 0.0 2.9939140511505737 0.0 0.0 0.029172263582479374 0.0 0.0 -0.09005760080140357
0.0 0.0 2.996422084016171 0.0 0.0 0.020696525691377587 0.0 0.0 -0.0775987607943529
0.0 0.0 2.9981392158622633 0.0 0.0 0.013529100542483796 0.0 0.0 -0.06414929830907745
0.0 0.0 2.999202691027028 0.0 0.0 0.007771175314378098 0.0 0.0 -0.04968695216629149
0.0 0.0 2.9997600883415956 0.0 0.0 0.003526185789590741 0.0 0.0 -0.03418946118670707
0.0 0.0 2.9999695482618343 0.0 0.0 0.000899816354641203 0.0 0.0 -0.01763456419103715
0.0 0.0 3.0000000000000036 0.0 0.0 0.0 0.0 0.0 -8.881784197001252e-16
